0 0.701728105545044 0.506280263264974 0.12273136774698894 0.18882836235894096
0 0.9444253444671631 0.09307668827198169 0.0971840222676595 0.13795425273753978
0 0.20989584922790527 0.17222224341498482 0.022916674613952637 0.041203710767957896
0 0.1451823115348816 0.27430559087682654 0.0234375 0.041666666666666664
0 0.4585306644439697 0.13551037399857133 0.02174075444539388 0.03953930183693215
0 0.585774819056193 0.4204283113832827 0.021809895833333332 0.03877314814814815
0 0.3987630208333333 0.5266204056916414 0.011067708333333334 0.031644326669198496
0 0.4674479166666667 0.9658564814814815 0.0078125 0.019675925925925927
0 0.8717447916666666 0.4513889595314308 0.015625 0.02178418194806134
1 0.38763026396433514 0.5090278342918113 0.01249996821085612 0.018055527298538772
