0 0.5924479166666666 0.7118055555555556 0.09650564193725586 0.12268518518518519
0 0.40625 0.5040509259259259 0.02734375 0.08924215811270254
0 0.4258201519648234 0.5415029525756836 0.032629807790120445 0.06763168617531105
0 0.91796875 0.1383101675245497 0.036458333333333336 0.0382423754091616
0 0.9809056917826334 0.0875269925152814 0.02951987584431966 0.03385020626915826
0 0.15734176834424338 0.45843127921775534 0.021760801474253338 0.037232928805881076
0 0.6689453919728597 0.5231482187906901 0.021484375 0.03750002825701678
0 0.14640358090400696 0.48575945253725406 0.021973868211110432 0.03774042482729311
0 0.6653645833333334 0.7991898854573568 0.020833293596903484 0.03587962962962963
0 0.6220703919728597 0.44270836865460433 0.021484375 0.03819444444444445
0 0.7552083333333334 0.9450231481481481 0.010416666666666666 0.017361111111111112
1 0.3960937261581421 0.47303238621464483 0.01093753178914388 0.021527749520760996
