0 0.3961588541666667 0.33564814814814814 0.11322752634684245 0.19444444444444445
0 0.97265625 0.20949075840137624 0.0390625 0.03949645713523582
0 0.939453125 0.12210655212402344 0.045572916666666664 0.07523148148148148
0 0.7561848958333334 0.4936342239379883 0.020668983459472656 0.03587962962962963
0 0.15045574307441711 0.5883102416992188 0.02070311705271403 0.035416638409649884
0 0.25572919845581055 0.4292824356644242 0.020572900772094727 0.03495371783221209
0 0.4856770833333333 0.7974537037037037 0.014322916666666666 0.023148148148148147
0 0.6259765625 0.796875 0.014973958333333334 0.02199074074074074
0 0.9436848958333334 0.1857638888888889 0.016276041666666668 0.010416666666666666
1 0.911458412806193 0.1354166313453957 0.01171875 0.030329916212293837
