0 0.702083428700765 0.5065972363507306 0.12187496821085612 0.18680558381257234
0 0.9406356811523438 0.09852064980400933 0.08617655436197917 0.12934765992341218
0 0.9684952894846598 0.1927205898143627 0.05649900436401367 0.06599677050555194
0 0.15885416666666666 0.29224537037037035 0.022786458333333332 0.04050925925925926
0 0.4622395833333333 0.12789352734883627 0.02109368642171224 0.03819444444444445
0 0.15494792660077414 0.25752316580878365 0.022135416666666668 0.036342620849609375
0 0.32897520065307617 0.5641291583025897 0.020435035228729248 0.036093535246672456
0 0.5128581523895264 0.4817709039758753 0.021158854166666668 0.03761574074074074
0 0.9261067708333334 0.1631945150869864 0.024088541666666668 0.025694458572952834
1 0.8720703919728597 0.4513888888888889 0.014003435770670572 0.018518518518518517
