0 0.3961588541666667 0.33564814814814814 0.11322752634684245 0.19444444444444445
0 0.970703125 0.21064814814814814 0.037760416666666664 0.039427721941912616
0 0.94140625 0.12326392421015987 0.045572916666666664 0.07311340614601418
0 0.2669270634651184 0.27256942678380897 0.020833333333333332 0.03587962962962963
0 0.1787109375 0.6973379629629629 0.020668824513753254 0.03587962962962963
0 0.7555339336395264 0.5162038096675167 0.02070299784342448 0.034722222222222224
0 0.5104166666666666 0.8240740740740741 0.014322916666666666 0.023148148148148147
0 0.6507161458333334 0.7714120370370371 0.014973958333333334 0.02199074074074074
0 0.9436848958333334 0.1875 0.016276041666666668 0.011574074074074073
1 0.9114583333333334 0.13831011454264322 0.012246131896972656 0.028935185185185185
