0 0.263671875 0.5347222222222222 0.10416666666666667 0.1087962962962963
0 0.9595383803049723 0.07593391559742114 0.103058656056722 0.15831721270525898
0 0.7128907044728597 0.6168982187906901 0.021354039510091145 0.037037037037037035
0 0.7578125794728597 0.3871528484203197 0.020833333333333332 0.03587962962962963
0 0.6475872993469238 0.7425838046603732 0.020435015360514324 0.036093535246672456
0 0.4407552480697632 0.37152781309904875 0.020833333333333332 0.037037037037037035
0 0.37725361188252765 0.8151709238688151 0.017628192901611328 0.028489995885778358
0 0.9266360600789388 0.12193598570647063 0.013915379842122396 0.020016917475947627
0 0.9155019919077555 0.09101386423464175 0.013295650482177734 0.01767587661743164
1 0.3138020833333333 0.9751157407407407 0.006510416666666667 0.015046296296296295
