0 0.6398589611053467 0.733703754566334 0.12086375554402669 0.17379619457103587
0 0.791341225306193 0.14525461196899414 0.12699365615844727 0.09606478832386157
0 0.8798828125 0.10821758376227485 0.029296875 0.07864231533474392
0 0.659505287806193 0.12673615526269982 0.0252604881922404 0.04050925925925926
0 0.4699182907740275 0.7501245428014685 0.02056574821472168 0.036787810149016206
0 0.7408854166666666 0.7280092592592593 0.015625 0.02546296296296296
0 0.6243489980697632 0.583912107679579 0.020530859629313152 0.03587962962962963
0 0.7197265625 0.1527777424565068 0.02839946746826172 0.032407407407407406
0 0.7257111072540283 0.16439637431391962 0.02043263117472331 0.03000354766845703
0 0.4049479166666667 0.500000035321271 0.014679431915283203 0.03009259259259259
0 0.850260337193807 0.11747678120930989 0.01533667246500651 0.02662037037037037
1 0.8662110169728597 0.13020842163651078 0.014973958333333334 0.02662037037037037
