0 0.5924488306045532 0.7123047863995587 0.09635591506958008 0.12136897334346065
0 0.4313252369562785 0.5288836161295573 0.026712973912556965 0.03693389892578125
0 0.1572265625 0.458912072358308 0.021484365065892536 0.03819444444444445
0 0.747721274693807 0.947337821677879 0.025530179341634113 0.02662037037037037
0 0.14640358090400696 0.48575945253725406 0.021973868211110432 0.03774042482729311
0 0.6688152154286703 0.5232639665956851 0.021223902702331543 0.03726853264702691
0 0.6653645833333334 0.7991898854573568 0.020833293596903484 0.03587962962962963
0 0.6220703919728597 0.44270836865460433 0.021484375 0.03819444444444445
0 0.8509114583333334 0.5353009259259259 0.017251968383789062 0.03125
0 0.8922526041666666 0.1880787037037037 0.016276041666666668 0.01273148148148148
0 0.40004706382751465 0.5336556611237703 0.009729544321695963 0.02332977012351707
1 0.9658203125 0.30092592592592593 0.008463541666666666 0.011574074074074073
