0 0.5781250397364298 0.2800925925925926 0.11069281895955403 0.20601851851851852
0 0.8471824328104655 0.12169784969753689 0.1949580510457357 0.24503022653085213
0 0.6455077727635702 0.6111111111111112 0.02172676722208659 0.03935188717312283
0 0.6489258607228597 0.5014468299018012 0.023111979166666668 0.041087962962962965
0 0.5986328125 0.4056712962962963 0.022786458333333332 0.04050925925925926
0 0.638997475306193 0.45081022050645614 0.021484375 0.03819444444444445
0 0.6757813294728597 0.5381945150869863 0.021354158719380695 0.037037037037037035
0 0.31530670324961346 0.9804377379240813 0.016522010167439777 0.030320061577690974
0 0.3883463541666667 0.49479163134539567 0.017578125 0.03125
0 0.7643229961395264 0.14467590826529045 0.022135416666666668 0.028186268276638456
1 0.3912760814030965 0.43460648148148145 0.016927083333333332 0.020223123055917246
