0 0.263671875 0.5347222222222222 0.10416666666666667 0.1087962962962963
0 0.7425130208333334 0.3657407760620117 0.0215304692586263 0.037037037037037035
0 0.7307942708333334 0.5954861111111112 0.016276041666666668 0.02662037037037037
0 0.4720052083333333 0.42650462962962965 0.020833333333333332 0.03587962962962963
0 0.62668776512146 0.7392292729130497 0.020302613576253254 0.036328916196469906
0 0.4114583333333333 0.8576389595314309 0.01953125 0.034722222222222224
0 0.2727864185969035 0.9635415960241247 0.016927083333333332 0.028935185185185185
0 0.3153870503107707 0.9779991573757596 0.011152982711791992 0.020813129566333913
0 0.9271484216054281 0.12349538449887876 0.01445309321085612 0.021527784842031973
1 0.9157648881276449 0.09136485170435023 0.01352230707804362 0.018659291444001375
